"delai"
369.501981306821
250.914111717604
250.515415353701
60.2739050423261
39.7606536827516
3.11403821408749
68.8928825755138
168.665704442887
345.811842792435
85.7631814712659
189.989977919962
43.4779030492064
187.059615993639
95.7840655895416
157.994105117861
129.635131928604
164.139311233303
35.5987243971322
147.150652392767
157.550131305587
404.839953507762
242.026039691875
101.055175252957
158.418100595009
187.530321163824
189.555070389062
79.9451682863291
128.795331192669
246.23529943591
160.202058140188
110.997957810294
202.292932093842
402.025719096186
14.4162928110454
2.43200337770395
103.694393627346
66.5600545404013
118.303882068256
61.8774253581651
134.024408857571
162.118349158904
58.1208311463706
188.06555640907
157.853098961292
464.539388332982
553.357805461623
10.1634792166296
24.7886301064864
57.7651700533461
63.3483284658287
130.344788484974
187.420465723379
221.686134658055
63.2279877299443
10.5887193896342
22.6142110861838
85.550073251361
464.266153794015
133.599311055848
249.845549139893
399.132219464285
163.501866819803
195.331081764773
137.319383314345
45.2396756643429
28.4659704200458
167.64428933314
106.312195790466
132.227393369656
181.74254429643
20.8587337357458
54.0111174916383
63.4602363186423
46.0203898490872
219.785153160803
162.323653454427
157.65533365286
1.32431618054397
521.487629987998
131.578113012249
131.271033101017
161.71437209798
83.7665077699348
183.538071471499
11.0166454855353
112.582778502721
170.532015181612
366.447090912843
98.2378732962534
175.870699828025
160.923770498252
131.91699743201
309.589744547848
189.298399848165
189.936871048994
128.835505659459
128.446258068085
34.6263597002253
125.812884847401
397.833408156876
83.861435547471
58.3159361679573
99.2959352293983
175.88155154069
38.7735931554344
129.42895823461
160.421464409446
403.077578058699
6.9749336396344
39.8769945178647
37.2683775823098
188.00238127145
427.520410560071
423.404318828601
33.7294595383573
202.571305512916
20.535629812628
16.4352080116514
51.4770897207782
25.7254290864803
81.9036202991847
171.86982839019
21.6482378481887
115.761610720074
42.3804266466759
16.6026442511939
217.82335798745
23.831078782212
14.0277670049109
9.20166330994107
0.815485448343679
15.446358227171
4.089344403008
245.920647046296
155.797160965158
155.322719017509
1.13609836273827
202.98137352895
128.444533344824
63.6541333068162
105.346715669381
10.9053464895114
113.91589206853
12.6022428753786
18.5419016026426
12.658809812041
446.294310142286
370.497154520825
157.089097991819
371.645726008574
42.3862370376009
65.833929921966
77.2698296196759
280.194515352603
62.6940107271075
130.967349865939
111.182296138024
129.674569409341
157.811754763359
78.87304397556
68.9939548999537
99.8771295801271
99.4177456581965
55.5118800401688
5.7604115025606
280.754338009981
142.237721694866
27.188958813902
249.298049001023
66.5566610919777
185.56874245056
137.723514246754
124.065731846727
9.02523348294199
14.8157623817679
8.02056622388773
48.2042693148833
77.4985820124857
29.578845012933
101.897308810614
342.04605703312
127.292269718833
3.34125279332511
5.21421324764378
66.2959861159325
43.4989785179496
63.3691356398631
42.1212493672501
29.894524947973
105.981783073163
184.498840566026
32.9526154994965
28.7685871070717
276.862635115394
2.75637176958844
373.080801362405
171.877097627614
131.462284514913
16.8366290570702
31.9328328254633
27.8197829888668
67.6403062590398
52.5649777192157
431.058187349699
65.1239355993457
98.5007080088835
98.572020328138
183.696885803947
188.503975346917
187.847345259972
188.047951013781
151.238913677633
